14 8
食 0.10 0.00 0.00 0.00 0.00 0.00 0.00 0.00
品 0.00 0.10 0.00 0.00 0.00 0.00 0.00 0.00
安 0.00 0.00 0.10 0.00 0.00 0.00 0.00 0.00
全 0.00 0.00 0.00 0.10 0.00 0.00 0.00 0.00
水 0.00 0.00 0.00 0.00 0.10 0.00 0.00 0.00
产 0.00 0.00 0.00 0.00 0.00 0.10 0.00 0.00
标 0.00 0.00 0.00 0.00 0.00 0.00 0.10 0.00
准 0.00 0.00 0.00 0.00 0.00 0.00 0.00 0.10
食品 0.10 0.10 0.00 0.00 0.00 0.00 0.00 0.00
食品安全 0.10 0.10 0.10 0.10 0.00 0.00 0.00 0.00
水产品 0.00 0.10 0.00 0.00 0.10 0.10 0.00 0.00
安全标准 0.00 0.00 0.10 0.10 0.00 0.00 0.10 0.10
食品标准 0.10 0.10 0.00 0.00 0.00 0.00 0.10 0.10
标准 0.00 0.00 0.00 0.00 0.00 0.00 0.10 0.10
